10 2
12 2
14 2
15 10
16 2
17 4
18 18
19 31
20 48
21 83
22 95
23 185
24 249
25 390
26 541
27 851
28 1141
29 1661
30 2159
31 2941
32 4032
33 5332
34 6812
35 8691
36 10775
37 13407
38 16374
39 19272
40 23015
41 26536
42 29820
43 33938
44 37685
45 40803
46 43759
47 46395
48 48092
49 49225
50 50025
51 49255
52 48467
53 46515
54 43958
55 41254
56 37624
57 34032
58 30127
59 26823
60 22690
61 19211
62 16263
63 13512
64 10897
65 8684
66 6729
67 5309
68 3883
69 2932
70 2206
71 1592
72 1119
73 846
74 574
75 407
76 246
77 170
78 89
79 66
80 53
81 24
82 20
83 9
84 7
85 4
